vector_1 <- c(2,4,6)
vector_2 <- c(6,7,8)
